              precision    recall  f1-score   support

           0       1.00      1.00      1.00    454434
           1       0.88      0.70      0.78       390
           2       1.00      1.00      1.00     25583
           3       1.00      1.00      1.00      2074
           4       1.00      1.00      1.00     46486
           5       0.94      0.99      0.96      1072
           6       1.00      1.00      1.00      1173
           7       1.00      1.00      1.00      1612
           8       1.00      0.50      0.67         2
           9       0.80      0.80      0.80         5
          10       0.99      1.00      1.00     31711
          11       1.00      0.99      1.00      1173
          12       0.77      0.81      0.79       308
          13       1.00      0.14      0.25         7
          14       0.43      0.34      0.38       119

    accuracy                           1.00    566149
   macro avg       0.92      0.82      0.84    566149
weighted avg       1.00      1.00      1.00    566149
